k,cum_lower_iters,cum_ad_iters,cum_runtime,lower_iters,ad_iters,L,mu,upper_obj,lower_obj,norm_upper_grad
0,523,1000,80.466593,523,1000,44.79380798339844,0.002,0.5688375234603882,0.4510197043418884,0.0017946382286027074
1,524,2000,145.262279,1,1000,44.79383087158203,0.002,0.5688372850418091,0.4509878158569336,0.0017946249572560191
2,525,3000,213.748353,1,1000,44.79384994506836,0.002,0.5688369870185852,0.4509558081626892,0.00179461354855448
3,526,4000,279.204964,1,1000,44.79386520385742,0.002,0.5688364505767822,0.4509239196777344,0.001794598181731999
4,527,5000,345.352805,1,1000,44.793880462646484,0.002,0.5688356161117554,0.45089203119277954,0.001794582000002265
5,528,6000,410.40932,1,1000,44.79389953613281,0.002,0.5688347220420837,0.45086002349853516,0.0017945657018572092
6,529,7000,476.483328,1,1000,44.79391860961914,0.002,0.5688335299491882,0.45082810521125793,0.0017945504514500499
7,530,8000,560.752518,1,1000,44.79393768310547,0.002,0.568832278251648,0.4507961571216583,0.0017945336876437068
8,532,9000,628.069273,2,1000,44.79395294189453,0.002,0.568827748298645,0.4507642388343811,0.0017945062136277556
9,534,10000,697.503317,2,1000,44.79397201538086,0.002,0.5688228607177734,0.45073238015174866,0.001794477109797299
10,537,11000,767.128732,3,1000,44.79398727416992,0.002,0.5688124299049377,0.45070046186447144,0.0017944304272532463
11,539,12000,835.774987,2,1000,44.79400634765625,0.002,0.5688069462776184,0.4506685435771942,0.0017944008577615023
12,542,13000,903.873369,3,1000,44.79402160644531,0.002,0.5687951445579529,0.450636625289917,0.0017943516140803695
13,546,14000,965.812866,4,1000,44.794036865234375,0.002,0.5687749981880188,0.45060473680496216,0.001794277923181653
14,549,15000,1028.919892,3,1000,44.7940559387207,0.002,0.5687625408172607,0.4505726993083954,0.0017942290287464857
15,553,16000,1114.510444,4,1000,44.79407501220703,0.002,0.5687412023544312,0.45054081082344055,0.0017941506812348962
16,556,17000,1182.822864,3,1000,44.794090270996094,0.002,0.568727970123291,0.45050886273384094,0.0017940986435860395
17,560,18000,1248.03447,4,1000,44.794105529785156,0.002,0.5687050223350525,0.45047685503959656,0.00179401901550591
18,564,19000,1311.773374,4,1000,44.794124603271484,0.002,0.5686817765235901,0.45044490694999695,0.0017939371755346656
19,568,20000,1377.859561,4,1000,44.79414367675781,0.002,0.568658173084259,0.4504129886627197,0.0017938559176400304
20,572,21000,1445.80786,4,1000,44.79415512084961,0.002,0.5686340928077698,0.45038098096847534,0.0017937736120074987
21,576,22000,1506.099061,4,1000,44.79417419433594,0.002,0.5686095356941223,0.45034900307655334,0.0017936864169314504
22,580,23000,1566.66135,4,1000,44.794185638427734,0.002,0.5685845613479614,0.45031705498695374,0.0017936002695932984
23,584,24000,1628.272485,4,1000,44.7942008972168,0.002,0.5685592293739319,0.4502851366996765,0.0017935143550857902
24,589,25000,1687.629242,5,1000,44.794219970703125,0.002,0.5685211420059204,0.45025309920310974,0.0017933904891833663
25,593,26000,1746.721303,4,1000,44.79423522949219,0.002,0.5684958100318909,0.45022115111351013,0.0017933043418452144
26,597,27000,1814.74463,4,1000,44.79425048828125,0.002,0.5684699416160583,0.4501892030239105,0.0017932149348780513
27,601,28000,1877.316715,4,1000,44.794273376464844,0.002,0.568443775177002,0.45015713572502136,0.0017931247130036354
28,606,29000,1938.104634,5,1000,44.79428482055664,0.002,0.5684043169021606,0.45012521743774414,0.0017929995665326715
29,610,30000,2002.525025,4,1000,44.79430389404297,0.002,0.5683780908584595,0.45009326934814453,0.0017929059686139226
30,615,31000,2061.8723,5,1000,44.794315338134766,0.002,0.5683386325836182,0.450061172246933,0.0017927788430824876
31,619,32000,2123.029781,4,1000,44.79433059692383,0.002,0.5683122277259827,0.450029194355011,0.0017926887376233935
32,623,33000,2183.727106,4,1000,44.794342041015625,0.002,0.5682855248451233,0.4499971568584442,0.0017925957217812538
33,628,34000,2243.88593,5,1000,44.79435729980469,0.002,0.5682452917098999,0.4499652087688446,0.0017924649873748422
34,632,35000,2312.509353,4,1000,44.79437255859375,0.002,0.568218469619751,0.4499332010746002,0.0017923725536093116
35,637,36000,2376.48438,5,1000,44.79438781738281,0.002,0.568178117275238,0.44990116357803345,0.0017922400729730725
36,641,37000,2443.362183,4,1000,44.79439926147461,0.002,0.5681511759757996,0.44986918568611145,0.0017921477556228638
37,646,38000,2508.169793,5,1000,44.79441833496094,0.002,0.5681107044219971,0.44983717799186707,0.0017920142272487283
38,651,39000,2574.634143,5,1000,44.794429779052734,0.002,0.5680707097053528,0.4498051106929779,0.001791883842088282
39,655,40000,2636.110882,4,1000,44.7944450378418,0.002,0.5680438876152039,0.44977307319641113,0.0017917896620929241
40,660,41000,2696.987485,5,1000,44.794456481933594,0.002,0.5680035352706909,0.44974109530448914,0.0017916574142873287
41,665,42000,2762.602359,5,1000,44.79447555541992,0.002,0.5679636001586914,0.44970905780792236,0.0017915259813889861
42,669,43000,2829.97851,4,1000,44.79448699951172,0.002,0.5679368376731873,0.44967707991600037,0.0017914315685629845
43,674,44000,2897.008711,5,1000,44.794498443603516,0.002,0.5678966045379639,0.44964495301246643,0.0017913009505718946
44,679,45000,2959.016255,5,1000,44.79450988769531,0.002,0.5678566098213196,0.4496130049228668,0.0017911703325808048
45,683,46000,3022.437493,4,1000,44.794525146484375,0.002,0.5678299069404602,0.44958093762397766,0.0017910742899402976
46,688,47000,3085.844474,5,1000,44.79453659057617,0.002,0.5677894353866577,0.4495489299297333,0.0017909432062879205
47,693,48000,3149.028473,5,1000,44.7945556640625,0.002,0.567749559879303,0.4495168924331665,0.001790810376405716
48,698,49000,3217.986614,5,1000,44.79456329345703,0.002,0.5677098631858826,0.44948479533195496,0.0017906766152009368
49,703,50000,3282.955854,5,1000,44.79457473754883,0.002,0.5676703453063965,0.4494526982307434,0.0017905457643792033
50,707,51000,3352.443988,4,1000,44.794586181640625,0.002,0.5676438808441162,0.449420690536499,0.0017904510023072362
51,712,52000,3419.960246,5,1000,44.79459762573242,0.002,0.5676038265228271,0.44938865303993225,0.001790318638086319
52,717,53000,3489.811224,5,1000,44.794612884521484,0.002,0.5675640106201172,0.4493565857410431,0.0017901869723573327
53,722,54000,3550.12869,5,1000,44.79462432861328,0.002,0.5675244927406311,0.44932451844215393,0.0017900539096444845
54,727,55000,3607.848102,5,1000,44.79463195800781,0.002,0.5674852728843689,0.44929245114326477,0.00178992236033082
55,732,56000,3664.968715,5,1000,44.79464340209961,0.002,0.5674461722373962,0.449260413646698,0.0017897895304486156
56,737,57000,3722.249638,5,1000,44.794654846191406,0.002,0.5674070715904236,0.44922834634780884,0.0017896611243486404
57,742,58000,3787.225959,5,1000,44.7946662902832,0.002,0.56736820936203,0.4491962194442749,0.001789530273526907
58,747,59000,3848.635039,5,1000,44.794677734375,0.002,0.567329466342926,0.44916418194770813,0.001789399771951139
59,752,60000,3911.968851,5,1000,44.79468536376953,0.002,0.5672908425331116,0.4491320848464966,0.0017892676405608654
60,757,61000,3973.763781,5,1000,44.794700622558594,0.002,0.5672522783279419,0.4491000473499298,0.0017891365569084883
61,762,62000,4035.228904,5,1000,44.794708251953125,0.002,0.5672136545181274,0.44906795024871826,0.0017890066374093294
62,767,63000,4102.18737,5,1000,44.794715881347656,0.002,0.5671752691268921,0.4490358233451843,0.001788877067156136
63,772,64000,4167.178173,5,1000,44.79473114013672,0.002,0.5671369433403015,0.44900378584861755,0.0017887464491650462
64,777,65000,4232.641655,5,1000,44.794734954833984,0.002,0.5670985579490662,0.448971688747406,0.0017886160640046
65,782,66000,4299.156958,5,1000,44.79475021362305,0.002,0.5670603513717651,0.44893956184387207,0.0017884859116747975
66,787,67000,4375.590326,5,1000,44.79475402832031,0.002,0.5670221447944641,0.4489075243473053,0.0017883545951917768
67,792,68000,4441.865159,5,1000,44.794769287109375,0.002,0.5669838786125183,0.44887545704841614,0.001788223278708756
68,797,69000,4508.495215,5,1000,44.79477310180664,0.002,0.5669456720352173,0.44884324073791504,0.0017880930099636316
69,802,70000,4577.081212,5,1000,44.79478454589844,0.002,0.566907525062561,0.4488111734390259,0.0017879604129120708
70,807,71000,4649.930135,5,1000,44.79479217529297,0.002,0.5668694376945496,0.4487791061401367,0.0017878299113363028
71,812,72000,4721.734628,5,1000,44.794803619384766,0.002,0.5668313503265381,0.4487469792366028,0.0017876996425911784
72,817,73000,4795.949642,5,1000,44.7948112487793,0.002,0.5667932033538818,0.4487149119377136,0.0017875676276162267
73,822,74000,4875.74825,5,1000,44.79481887817383,0.002,0.5667550563812256,0.4486827850341797,0.0017874381737783551
74,827,75000,4952.85598,5,1000,44.79482650756836,0.002,0.5667169094085693,0.448650598526001,0.0017873075557872653
75,833,76000,5029.588356,6,1000,44.79484176635742,0.002,0.5666643381118774,0.44861847162246704,0.0017871366580948234
76,838,77000,5102.664571,5,1000,44.79484558105469,0.002,0.5666272044181824,0.4485863745212555,0.0017870079027488828
77,843,78000,5177.326204,5,1000,44.79484939575195,0.002,0.5665899515151978,0.44855424761772156,0.0017868768190965056
78,848,79000,5251.40113,5,1000,44.79486083984375,0.002,0.5665526390075684,0.44852209091186523,0.0017867486458271742
79,853,80000,5324.489671,5,1000,44.794864654541016,0.002,0.5665152072906494,0.4484899640083313,0.0017866152338683605
80,858,81000,5396.256898,5,1000,44.79487609863281,0.002,0.5664778351783752,0.4484579265117645,0.001786484383046627
81,864,82000,5471.787595,6,1000,44.79487991333008,0.002,0.5664259195327759,0.44842568039894104,0.0017863124376162887
82,869,83000,5545.66462,5,1000,44.79488754272461,0.002,0.566389262676239,0.4483935236930847,0.0017861851956695318
83,874,84000,5621.145887,5,1000,44.794891357421875,0.002,0.5663524866104126,0.44836142659187317,0.0017860567895695567
84,879,85000,5694.892791,5,1000,44.794898986816406,0.002,0.5663154721260071,0.44832926988601685,0.001785926171578467
85,884,86000,5769.490621,5,1000,44.79490661621094,0.002,0.5662784576416016,0.4482971429824829,0.0017857979983091354
86,890,87000,5841.020439,6,1000,44.79491424560547,0.002,0.5662271976470947,0.4482649862766266,0.0017856243066489697
87,895,88000,5917.529926,5,1000,44.794918060302734,0.002,0.5661909580230713,0.44823288917541504,0.001785498345270753
88,900,89000,5989.409681,5,1000,44.794925689697266,0.002,0.566154420375824,0.44820067286491394,0.0017853672616183758
89,905,90000,6060.188045,5,1000,44.79493713378906,0.002,0.5661178231239319,0.44816848635673523,0.0017852378077805042
90,911,91000,6133.168626,6,1000,44.79493713378906,0.002,0.5660669207572937,0.4481363296508789,0.0017850679578259587
91,916,92000,6209.4654,5,1000,44.79494094848633,0.002,0.5660310387611389,0.44810423254966736,0.001784939900971949
92,921,93000,6280.154201,5,1000,44.79494857788086,0.002,0.5659947991371155,0.44807207584381104,0.0017848099814727902
93,926,94000,6353.112069,5,1000,44.79495620727539,0.002,0.5659583806991577,0.44803985953330994,0.0017846798291429877
94,932,95000,6434.194256,6,1000,44.79495620727539,0.002,0.565907895565033,0.44800761342048645,0.001784510095603764
95,937,96000,6511.569151,5,1000,44.794960021972656,0.002,0.5658721923828125,0.4479755163192749,0.0017843818059191108
96,942,97000,6587.658867,5,1000,44.79496765136719,0.002,0.5658360123634338,0.4479432702064514,0.001784255146048963
97,948,98000,6664.572205,6,1000,44.79497528076172,0.002,0.5657860636711121,0.44791117310523987,0.0017840864602476358
98,953,99000,6736.448518,5,1000,44.79497528076172,0.002,0.5657505393028259,0.44787895679473877,0.0017839577049016953
99,958,99042,6739.698799,5,42,44.79498291015625,0.002,0.5657147765159607,0.4478467106819153,0.0002405094273854047
