k,cum_lower_iters,cum_ad_iters,cum_runtime,lower_iters,ad_iters,L,mu,upper_obj,lower_obj,norm_upper_grad
0,685,1000,83.486616,685,1000,44.79380798339844,0.002,0.5688523054122925,0.4510192573070526,0.0024151732213795185
1,686,2000,142.791118,1,1000,44.793819427490234,0.002,0.5688521862030029,0.4510154128074646,0.002415168099105358
2,687,3000,205.262591,1,1000,44.7938346862793,0.002,0.5688521265983582,0.45101144909858704,0.0024151632096618414
3,688,4000,265.443313,1,1000,44.79384231567383,0.002,0.5688520073890686,0.45100754499435425,0.0024151590187102556
4,689,5000,330.215817,1,1000,44.79384994506836,0.002,0.5688519477844238,0.45100364089012146,0.00241515482775867
5,691,6000,390.972295,2,1000,44.793861389160156,0.002,0.5688515305519104,0.4509997069835663,0.0024151501711457968
6,692,7000,451.702363,1,1000,44.79387283325195,0.002,0.5688514113426208,0.4509958028793335,0.0024151455145329237
7,694,8000,512.212568,2,1000,44.793880462646484,0.002,0.5688508749008179,0.4509918987751007,0.0024151396937668324
8,697,9000,574.885019,3,1000,44.793888092041016,0.002,0.5688496828079224,0.4509879946708679,0.00241513317450881
9,700,10000,635.724832,3,1000,44.79389953613281,0.002,0.5688486099243164,0.4509839713573456,0.0024151268880814314
10,703,11000,698.511478,3,1000,44.793907165527344,0.002,0.5688474178314209,0.45098012685775757,0.0024151194375008345
11,707,12000,758.731563,4,1000,44.79391860961914,0.002,0.568845272064209,0.4509761929512024,0.0024151138495653868
12,711,13000,819.836784,4,1000,44.79393005371094,0.002,0.5688431262969971,0.4509722590446472,0.0024151054676622152
13,715,14000,882.065252,4,1000,44.79393768310547,0.002,0.5688409209251404,0.45096835494041443,0.0024150987155735493
14,719,15000,943.026942,4,1000,44.7939453125,0.002,0.5688385367393494,0.45096445083618164,0.0024150938261300325
15,724,16000,1005.254543,5,1000,44.79396057128906,0.002,0.5688350200653076,0.45096051692962646,0.0024150852113962173
16,728,17000,1063.301551,4,1000,44.79396438598633,0.002,0.5688325762748718,0.4509565532207489,0.0024150789249688387
17,733,18000,1128.360455,5,1000,44.793975830078125,0.002,0.5688288807868958,0.4509526491165161,0.002415071241557598
18,737,19000,1186.240825,4,1000,44.79398727416992,0.002,0.5688263177871704,0.4509487450122833,0.002415063325315714
19,742,20000,1250.702754,5,1000,44.79399108886719,0.002,0.56882244348526,0.45094481110572815,0.0024150549434125423
20,747,21000,1309.849592,5,1000,44.79400634765625,0.002,0.5688185095787048,0.45094090700149536,0.002415046328678727
21,752,22000,1372.670759,5,1000,44.79401397705078,0.002,0.5688145756721497,0.4509370028972626,0.002415039809420705
22,757,23000,1433.780809,5,1000,44.79402160644531,0.002,0.5688106417655945,0.4509330689907074,0.0024150293320417404
23,762,24000,1493.488855,5,1000,44.79403305053711,0.002,0.5688067078590393,0.45092907547950745,0.002415022114291787
24,767,25000,1557.058888,5,1000,44.794044494628906,0.002,0.5688027143478394,0.45092517137527466,0.002415014896541834
25,772,26000,1619.530131,5,1000,44.79404830932617,0.002,0.5687986612319946,0.4509212374687195,0.0024150058161467314
26,777,27000,1678.788048,5,1000,44.794063568115234,0.002,0.5687946081161499,0.4509173631668091,0.002414998598396778
27,782,28000,1741.7299,5,1000,44.79407501220703,0.002,0.5687905550003052,0.4509134590625763,0.0024149897508323193
28,788,29000,1802.70013,6,1000,44.7940788269043,0.002,0.5687848329544067,0.45090946555137634,0.0024149816017597914
29,793,30000,1864.639184,5,1000,44.79409408569336,0.002,0.5687808394432068,0.45090553164482117,0.00241497321985662
30,798,31000,1922.538886,5,1000,44.79410171508789,0.002,0.5687767863273621,0.4509016275405884,0.002414965070784092
31,804,32000,1986.789646,6,1000,44.79411315917969,0.002,0.5687710642814636,0.4508976936340332,0.002414955059066415
32,809,33000,2047.469722,5,1000,44.79411697387695,0.002,0.5687670111656189,0.4508937895298004,0.0024149473756551743
33,815,34000,2107.984869,6,1000,44.79412841796875,0.002,0.56876140832901,0.4508898854255676,0.002414937596768141
34,820,35000,2170.295047,5,1000,44.79413986206055,0.002,0.5687574148178101,0.4508860409259796,0.0024149292148649693
35,826,36000,2230.855635,6,1000,44.79414749145508,0.002,0.5687518119812012,0.4508820176124573,0.00241491780616343
36,832,37000,2291.068653,6,1000,44.794158935546875,0.002,0.5687463283538818,0.4508780837059021,0.002414907794445753
37,837,38000,2353.285951,5,1000,44.794166564941406,0.002,0.5687423944473267,0.4508742094039917,0.002414899645373225
38,843,39000,2415.05138,6,1000,44.7941780090332,0.002,0.5687368512153625,0.4508702754974365,0.002414888935163617
39,849,40000,2474.306309,6,1000,44.794185638427734,0.002,0.5687313675880432,0.45086631178855896,0.0024148791562765837
40,855,41000,2537.225439,6,1000,44.79419708251953,0.002,0.5687260031700134,0.4508623778820038,0.0024148679804056883
41,860,42000,2596.981107,5,1000,44.79420471191406,0.002,0.568722128868103,0.450858473777771,0.0024148598313331604
42,866,43000,2659.18837,6,1000,44.794212341308594,0.002,0.5687166452407837,0.45085451006889343,0.0024148463271558285
43,872,44000,2721.307549,6,1000,44.794227600097656,0.002,0.5687112808227539,0.45085057616233826,0.0024148353841155767
44,878,45000,2782.295297,6,1000,44.79423522949219,0.002,0.5687059760093689,0.45084670186042786,0.002414825838059187
45,884,46000,2842.230645,6,1000,44.79424285888672,0.002,0.5687006115913391,0.45084279775619507,0.0024148165248334408
46,890,47000,2903.674895,6,1000,44.794254302978516,0.002,0.5686953663825989,0.4508388340473175,0.0024148072116076946
47,896,48000,2966.188659,6,1000,44.79426193237305,0.002,0.5686900615692139,0.4508349299430847,0.00241479673422873
48,902,49000,3024.298405,6,1000,44.79426956176758,0.002,0.5686847567558289,0.4508310854434967,0.0024147857911884785
49,908,50000,3086.922898,6,1000,44.794281005859375,0.002,0.5686795115470886,0.45082709193229675,0.0024147748481482267
50,915,51000,3146.377451,7,1000,44.79429244995117,0.002,0.5686727166175842,0.4508231580257416,0.002414763905107975
51,921,52000,3208.229973,6,1000,44.79430389404297,0.002,0.5686676502227783,0.4508191645145416,0.0024147534277290106
52,927,53000,3269.645636,6,1000,44.7943115234375,0.002,0.5686625838279724,0.45081526041030884,0.00241474318318069
53,933,54000,3330.419235,6,1000,44.7943229675293,0.002,0.5686575770378113,0.45081132650375366,0.002414732240140438
54,940,55000,3392.285372,7,1000,44.79433059692383,0.002,0.5686507821083069,0.45080745220184326,0.0024147205986082554
55,946,56000,3453.3448,6,1000,44.794342041015625,0.002,0.5686457753181458,0.4508034884929657,0.0024147096555680037
56,952,57000,3513.390093,6,1000,44.79435348510742,0.002,0.5686408877372742,0.4507996439933777,0.002414698014035821
57,959,58000,3574.288259,7,1000,44.79435348510742,0.002,0.5686342716217041,0.4507956802845001,0.002414684509858489
58,965,59000,3635.878188,6,1000,44.794368743896484,0.002,0.5686293244361877,0.4507916569709778,0.002414674498140812
59,971,60000,3695.81745,6,1000,44.79438018798828,0.002,0.5686244368553162,0.450787752866745,0.002414664952084422
60,978,61000,3757.51552,7,1000,44.79438781738281,0.002,0.5686178803443909,0.4507838487625122,0.0024146537762135267
61,984,62000,3819.217523,6,1000,44.794395446777344,0.002,0.5686129927635193,0.45077991485595703,0.002414644928649068
62,991,63000,3880.814411,7,1000,44.79440689086914,0.002,0.5686065554618835,0.45077601075172424,0.0024146323557943106
63,997,64000,3941.855413,6,1000,44.794410705566406,0.002,0.5686017870903015,0.45077207684516907,0.0024146216455847025
64,1004,65000,4004.334688,7,1000,44.7944221496582,0.002,0.568595290184021,0.4507681727409363,0.0024146102368831635
65,1010,66000,4062.517937,6,1000,44.79443359375,0.002,0.5685907006263733,0.45076417922973633,0.0024145995266735554
66,1017,67000,4125.414197,7,1000,44.79444122314453,0.002,0.5685842633247375,0.4507603049278259,0.0024145881179720163
67,1023,68000,4184.924885,6,1000,44.794456481933594,0.002,0.5685795545578003,0.45075637102127075,0.002414577640593052
68,1030,69000,4249.247241,7,1000,44.794464111328125,0.002,0.5685732364654541,0.45075246691703796,0.0024145636707544327
69,1037,70000,4310.762961,7,1000,44.79447555541992,0.002,0.5685669183731079,0.4507485628128052,0.002414554124698043
70,1043,71000,4374.034105,6,1000,44.79447937011719,0.002,0.5685623288154602,0.45074462890625,0.002414543414488435
71,1050,72000,4434.442461,7,1000,44.794490814208984,0.002,0.5685561299324036,0.4507407248020172,0.002414529910311103
72,1057,73000,4497.110172,7,1000,44.79450225830078,0.002,0.5685499310493469,0.45073676109313965,0.00241451570764184
73,1063,74000,4559.037252,6,1000,44.79450988769531,0.002,0.5685453414916992,0.4507328271865845,0.002414507558569312
74,1070,75000,4619.9351,7,1000,44.79452133178711,0.002,0.5685392618179321,0.4507289230823517,0.0024144959170371294
75,1077,76000,4682.393391,7,1000,44.79452896118164,0.002,0.5685330629348755,0.45072492957115173,0.0024144824128597975
76,1084,77000,4741.722502,7,1000,44.79453659057617,0.002,0.5685270428657532,0.45072105526924133,0.0024144689086824656
77,1090,78000,4803.058528,6,1000,44.79454803466797,0.002,0.5685225129127502,0.45071709156036377,0.0024144581984728575
78,1097,79000,4865.835708,7,1000,44.7945556640625,0.002,0.5685164332389832,0.4507131576538086,0.0024144456256181
79,1104,80000,4926.778183,7,1000,44.7945671081543,0.002,0.5685104727745056,0.4507093131542206,0.002414433751255274
80,1111,81000,4989.496045,7,1000,44.794578552246094,0.002,0.5685043931007385,0.4507054090499878,0.0024144204799085855
81,1118,82000,5050.761725,7,1000,44.79458999633789,0.002,0.5684984922409058,0.45070144534111023,0.0024144072085618973
82,1124,83000,5110.975585,6,1000,44.79459762573242,0.002,0.5684940218925476,0.45069748163223267,0.0024143957998603582
83,1131,84000,5174.747473,7,1000,44.79460525512695,0.002,0.5684879422187805,0.4506935775279999,0.0024143829941749573
84,1138,85000,5234.1161,7,1000,44.79461669921875,0.002,0.5684820413589478,0.4506896734237671,0.002414371119812131
85,1145,86000,5296.11309,7,1000,44.79462432861328,0.002,0.568476140499115,0.4506857693195343,0.0024143599439412355
86,1152,87000,5356.816058,7,1000,44.79463195800781,0.002,0.5684701800346375,0.4506818354129791,0.0024143473710864782
87,1159,88000,5418.124501,7,1000,44.79464340209961,0.002,0.5684643983840942,0.4506778419017792,0.002414336893707514
88,1166,89000,5478.225084,7,1000,44.794647216796875,0.002,0.5684584975242615,0.4506739377975464,0.002414324088022113
89,1173,90000,5540.762145,7,1000,44.79466247558594,0.002,0.5684526562690735,0.4506700336933136,0.0024143101181834936
90,1180,91000,5599.574866,7,1000,44.7946662902832,0.002,0.5684469938278198,0.4506660997867584,0.0024142989423125982
91,1187,92000,5663.214701,7,1000,44.794681549072266,0.002,0.5684410929679871,0.45066210627555847,0.002414287067949772
92,1194,93000,5723.355592,7,1000,44.7946891784668,0.002,0.5684353709220886,0.45065823197364807,0.002414275426417589
93,1201,94000,5785.509807,7,1000,44.79469680786133,0.002,0.568429708480835,0.4506542980670929,0.0024142619222402573
94,1208,95000,5844.979764,7,1000,44.794708251953125,0.002,0.5684239268302917,0.45065033435821533,0.002414250047877431
95,1215,96000,5907.384861,7,1000,44.794715881347656,0.002,0.5684181451797485,0.45064646005630493,0.002414238639175892
96,1222,97000,5968.618667,7,1000,44.79473114013672,0.002,0.5684124827384949,0.45064252614974976,0.0024142281617969275
97,1229,98000,6028.389887,7,1000,44.794734954833984,0.002,0.5684067606925964,0.4506385624408722,0.002414215123280883
98,1236,98764,6076.842784,7,764,44.794742584228516,0.002,0.568401038646698,0.4506346881389618,0.00241421558894217
