k,cum_lower_iters,cum_ad_iters,cum_runtime,lower_iters,ad_iters,L,mu,upper_obj,lower_obj,norm_upper_grad
0,52561,6,1543.7669,52561,6,44.79380798339844,0.002,0.5688663125038147,0.45101937651634216,0.0023007795680314302
1,52926,12,1554.811099,365,6,44.7938346862793,0.002,0.5688398480415344,0.45097848773002625,0.0023007604759186506
2,53328,18,1567.289804,402,6,44.793853759765625,0.002,0.5688004493713379,0.4509376585483551,0.0023007469717413187
3,53724,24,1579.131283,396,6,44.79387283325195,0.002,0.5687572956085205,0.45089682936668396,0.002300725784152746
4,54115,30,1591.293332,391,6,44.79389190673828,0.002,0.5687119364738464,0.4508560001850128,0.0023007027339190245
5,54502,36,1603.177111,387,6,44.79391860961914,0.002,0.568665087223053,0.4508151113986969,0.002300677355378866
6,54886,42,1614.539957,384,6,44.79393768310547,0.002,0.5686174035072327,0.45077431201934814,0.0023006447590887547
7,55269,48,1625.907935,383,6,44.7939567565918,0.002,0.5685688257217407,0.45073339343070984,0.0023006093688309193
8,55651,54,1637.185939,382,6,44.793975830078125,0.002,0.5685195922851562,0.45069262385368347,0.0023005760740488768
9,56034,60,1648.785491,383,6,44.79399108886719,0.002,0.5684698224067688,0.4506516754627228,0.002300543012097478
10,56417,66,1660.857621,383,6,44.79401397705078,0.002,0.5684195756912231,0.45061081647872925,0.0023005029652267694
11,56802,72,1672.693062,385,6,44.794036865234375,0.002,0.5683689713478088,0.4505699574947357,0.0023004666436463594
12,57188,78,1684.101664,386,6,44.79405212402344,0.002,0.5683181881904602,0.450529009103775,0.0023004261311143637
13,57577,84,1695.513778,389,6,44.794071197509766,0.002,0.5682668685913086,0.45048806071281433,0.00230038701556623
14,57967,90,1707.156509,390,6,44.79408645629883,0.002,0.568215548992157,0.4504472017288208,0.0023003462702035904
15,58360,96,1718.778946,393,6,44.79410934448242,0.002,0.5681639313697815,0.4504062235355377,0.0023003036621958017
16,58755,102,1730.6553,395,6,44.794124603271484,0.002,0.5681121945381165,0.4503653049468994,0.0023002575617283583
17,59153,108,1742.876035,398,6,44.79413986206055,0.002,0.5680602192878723,0.4503243565559387,0.002300214720889926
18,59554,114,1755.167124,401,6,44.79415512084961,0.002,0.5680082440376282,0.450283408164978,0.0023001697845757008
19,59958,120,1767.186506,404,6,44.79417419433594,0.002,0.5679560303688049,0.45024242997169495,0.0023001248482614756
20,60365,126,1779.309446,407,6,44.794193267822266,0.002,0.5679038166999817,0.4502014219760895,0.002300076186656952
21,60775,132,1791.801264,410,6,44.79420852661133,0.002,0.5678515434265137,0.4501604437828064,0.0023000300861895084
22,61189,138,1803.852037,414,6,44.794219970703125,0.002,0.5677990913391113,0.4501194655895233,0.0022999863140285015
23,61606,144,1815.971246,417,6,44.79423522949219,0.002,0.5677465796470642,0.45007839798927307,0.002299936255440116
24,62026,150,1828.565508,420,6,44.79425048828125,0.002,0.5676940679550171,0.45003741979599,0.002299885032698512
25,62449,156,1841.440664,423,6,44.79426574707031,0.002,0.5676416158676147,0.4499964118003845,0.002299837302416563
26,62875,162,1853.923696,426,6,44.794281005859375,0.002,0.5675889849662781,0.4499553143978119,0.0022997886408120394
27,63305,168,1867.005496,430,6,44.79429626464844,0.002,0.5675364136695862,0.4499143064022064,0.002299737185239792
28,63737,174,1879.694259,432,6,44.794307708740234,0.002,0.5674838423728943,0.44987326860427856,0.0022996871266514063
29,64173,180,1892.654282,436,6,44.7943229675293,0.002,0.5674313306808472,0.4498322308063507,0.002299634041264653
30,64612,186,1905.71209,439,6,44.79433822631836,0.002,0.5673786997795105,0.44979116320610046,0.002299579558894038
31,65054,192,1919.054158,442,6,44.79435348510742,0.002,0.5673261284828186,0.449750155210495,0.0022995295003056526
32,65499,198,1932.811893,445,6,44.79436492919922,0.002,0.5672734975814819,0.4497089982032776,0.0022994803730398417
33,65947,204,1946.222479,448,6,44.79437255859375,0.002,0.5672208666801453,0.44966793060302734,0.0022994254250079393
34,66398,210,1959.716383,451,6,44.79438781738281,0.002,0.5671682357788086,0.4496268033981323,0.0022993695456534624
35,66851,216,1972.989478,453,6,44.79439926147461,0.002,0.5671156048774719,0.4495856463909149,0.002299317391589284
36,67307,222,1986.730117,456,6,44.794410705566406,0.002,0.5670631527900696,0.4495445787906647,0.002299262909218669
37,67766,228,2000.934292,459,6,44.7944221496582,0.002,0.5670105218887329,0.44950348138809204,0.0022992100566625595
38,68227,234,2015.4766,461,6,44.79443359375,0.002,0.5669580101966858,0.44946232438087463,0.0022991548758000135
39,68690,240,2029.17208,463,6,44.79444122314453,0.002,0.5669054388999939,0.449421226978302,0.0022990992292761803
40,69156,246,2042.707249,466,6,44.794456481933594,0.002,0.566852867603302,0.4493800401687622,0.002299042884260416
41,69623,252,2056.525008,467,6,44.79446792602539,0.002,0.5668004155158997,0.4493388533592224,0.002298983745276928
42,70093,258,2070.486855,470,6,44.79447555541992,0.002,0.5667479038238525,0.449297696352005,0.0022989297285676003
43,70565,264,2084.747197,472,6,44.79448318481445,0.002,0.5666953921318054,0.4492565095424652,0.0022988722193986177
44,71039,270,2098.836831,474,6,44.794490814208984,0.002,0.5666429996490479,0.4492153823375702,0.0022988158743828535
45,71514,276,2112.629465,475,6,44.79450607299805,0.002,0.5665906071662903,0.449174165725708,0.0022987599950283766
46,71992,282,2127.143129,478,6,44.79451370239258,0.002,0.5665381550788879,0.4491329789161682,0.002298704581335187
47,72471,288,2142.036426,479,6,44.79452133178711,0.002,0.5664857625961304,0.44909176230430603,0.002298644743859768
48,72952,294,2156.144898,481,6,44.794532775878906,0.002,0.5664333701133728,0.44905051589012146,0.0022985890973359346
49,73434,300,2170.146705,482,6,44.79454040527344,0.002,0.56638103723526,0.44900935888290405,0.0022985313553363085
50,73917,306,2184.552537,483,6,44.79454803466797,0.002,0.5663288235664368,0.4489680528640747,0.0022984712850302458
51,74402,312,2199.179431,485,6,44.7945556640625,0.002,0.566276490688324,0.4489268362522125,0.0022984116803854704
52,74888,318,2214.123155,486,6,44.79456329345703,0.002,0.566224217414856,0.44888564944267273,0.002298354636877775
53,75375,324,2228.714489,487,6,44.7945671081543,0.002,0.5661719441413879,0.44884437322616577,0.0022982971277087927
54,75863,330,2243.349117,488,6,44.794578552246094,0.002,0.5661197304725647,0.4488030672073364,0.0022982328664511442
55,76352,336,2257.848598,489,6,44.79458236694336,0.002,0.5660674571990967,0.44876185059547424,0.002298173261806369
56,76842,342,2272.021347,490,6,44.79458999633789,0.002,0.5660153031349182,0.4487205743789673,0.002298109931871295
57,77333,348,2286.431718,491,6,44.794593811035156,0.002,0.565963089466095,0.44867923855781555,0.0022980524227023125
58,77825,354,2301.380846,492,6,44.79460144042969,0.002,0.5659109354019165,0.44863805174827576,0.002297987462952733
59,78318,360,2316.921276,493,6,44.79460525512695,0.002,0.5658588409423828,0.44859668612480164,0.002297926228493452
60,78812,366,2331.756223,494,6,44.794612884521484,0.002,0.5658066868782043,0.4485553205013275,0.0022978668566793203
61,79306,372,2346.087065,494,6,44.794620513916016,0.002,0.5657545924186707,0.44851407408714294,0.0022978014312684536
62,79801,378,2360.546703,495,6,44.794620513916016,0.002,0.565702497959137,0.4484727084636688,0.002297736471518874
63,80297,384,2375.530959,496,6,44.79462432861328,0.002,0.5656503438949585,0.4484313130378723,0.0022976738400757313
64,80793,390,2390.820554,496,6,44.79462814331055,0.002,0.5655982494354248,0.44839000701904297,0.00229761004447937
65,81290,396,2405.392801,497,6,44.79463195800781,0.002,0.5655462741851807,0.44834864139556885,0.0022975474130362272
66,81788,402,2419.954953,498,6,44.794639587402344,0.002,0.5654941201210022,0.4483072757720947,0.0022974805906414986
67,82286,408,2435.072568,498,6,44.79464340209961,0.002,0.5654420852661133,0.4482659697532654,0.002297415863722563
68,82785,414,2450.77755,499,6,44.794639587402344,0.002,0.5653900504112244,0.44822463393211365,0.002297351136803627
69,83284,420,2466.387887,499,6,44.794647216796875,0.002,0.5653380751609802,0.44818317890167236,0.002297281287610531
70,83783,426,2481.669348,499,6,44.794647216796875,0.002,0.5652859807014465,0.44814178347587585,0.002297218656167388
71,84283,432,2496.51575,500,6,44.79465103149414,0.002,0.5652340054512024,0.44810035824775696,0.002297157421708107
72,84783,438,2511.03096,500,6,44.794654846191406,0.002,0.5651820302009583,0.4480590224266052,0.002297090133652091
73,85284,444,2525.60475,501,6,44.79465866088867,0.002,0.5651300549507141,0.44801759719848633,0.002297021448612213
74,85785,450,2540.522806,501,6,44.794654846191406,0.002,0.5650780200958252,0.4479762315750122,0.002296953462064266
75,86286,456,2555.157325,501,6,44.794654846191406,0.002,0.565026044845581,0.4479347765445709,0.0022968885023146868
76,86787,462,2570.01338,501,6,44.79465866088867,0.002,0.5649741888046265,0.447893351316452,0.00229682051576674
77,87289,468,2585.071329,502,6,44.79465866088867,0.002,0.5649220943450928,0.44785186648368835,0.0022967508994042873
78,87791,474,2599.638358,502,6,44.79466247558594,0.002,0.5648701190948486,0.44781041145324707,0.0022966808173805475
79,88293,480,2614.864941,502,6,44.79466247558594,0.002,0.5648182034492493,0.4477689862251282,0.0022966100368648767
80,88796,486,2629.735222,503,6,44.7946662902832,0.002,0.5647662878036499,0.4477275311946869,0.002296541817486286
81,89299,492,2644.789617,503,6,44.79465866088867,0.002,0.5647143721580505,0.44768601655960083,0.0022964749950915575
82,89802,498,2659.486512,503,6,44.79466247558594,0.002,0.5646623373031616,0.44764459133148193,0.002296406775712967
83,90305,504,2674.349401,503,6,44.79465866088867,0.002,0.5646105408668518,0.4476030468940735,0.002296330640092492
84,90808,510,2689.786629,503,6,44.79465866088867,0.002,0.5645585656166077,0.4475615620613098,0.002296258695423603
85,91312,516,2705.421612,504,6,44.794654846191406,0.002,0.5645066499710083,0.44752001762390137,0.0022961865179240704
86,91816,522,2720.725306,504,6,44.794654846191406,0.002,0.5644547343254089,0.4474785625934601,0.0022961131762713194
87,92320,528,2735.532318,504,6,44.794647216796875,0.002,0.5644028186798096,0.44743698835372925,0.002296042162925005
88,92824,534,2750.279893,504,6,44.794654846191406,0.002,0.5643509030342102,0.4473954737186432,0.0022959711495786905
89,93329,540,2765.314301,505,6,44.794647216796875,0.002,0.5642990469932556,0.44735395908355713,0.0022958950139582157
90,93833,546,2780.688878,504,6,44.794647216796875,0.002,0.564247190952301,0.44731247425079346,0.002295820042490959
91,94338,552,2795.734285,505,6,44.79464340209961,0.002,0.5641953349113464,0.447270929813385,0.0022957464680075645
92,94843,558,2810.547487,505,6,44.79464340209961,0.002,0.5641434788703918,0.4472293555736542,0.002295673592016101
93,95348,564,2825.291949,505,6,44.794639587402344,0.002,0.5640915632247925,0.4471878707408905,0.0022955976892262697
94,95853,570,2840.52681,505,6,44.79463195800781,0.002,0.5640397071838379,0.4471462368965149,0.0022955231834203005
95,96359,576,2856.577463,506,6,44.79463195800781,0.002,0.5639878511428833,0.44710466265678406,0.0022954456508159637
96,96864,582,2871.446938,505,6,44.79462814331055,0.002,0.5639360547065735,0.44706299901008606,0.002295371377840638
97,97370,588,2886.555052,506,6,44.79462432861328,0.002,0.5638841986656189,0.4470214247703552,0.002295291516929865
98,97876,594,2901.372237,506,6,44.79461669921875,0.002,0.5638323426246643,0.4469798505306244,0.002295214682817459
99,98382,600,2916.781751,506,6,44.794612884521484,0.002,0.5637804865837097,0.4469381868839264,0.0022951397113502026
100,98888,606,2932.327053,506,6,44.79460906982422,0.002,0.5637286901473999,0.44689667224884033,0.0022950603161007166
101,99394,606,2947.31602,506,0,44.79460144042969,0.002,0.5636768937110901,0.44685500860214233,0.0
