k,cum_lower_iters,cum_ad_iters,cum_runtime,lower_iters,ad_iters,L,mu,upper_obj,lower_obj,norm_upper_grad
0,1147,1000,98.7741,1147,1000,44.79380798339844,0.002,0.56885826587677,0.4510193169116974,0.0017947223968803883
1,1148,2000,162.942828,1,1000,44.7938117980957,0.002,0.56885826587677,0.4510190486907959,0.00358944502659142
2,1149,3000,226.535347,1,1000,44.7938117980957,0.002,0.56885826587677,0.45101842284202576,0.0053841848857700825
3,1152,4000,286.880318,3,1000,44.79381561279297,0.002,0.56885826587677,0.45101743936538696,0.007178889121860266
4,1161,5000,346.889988,9,1000,44.79381561279297,0.002,0.5688580274581909,0.45101621747016907,0.00897363480180502
5,1173,6000,411.60797,12,1000,44.793819427490234,0.002,0.5688577890396118,0.45101454854011536,0.010768359526991844
6,1187,7000,477.458976,14,1000,44.793819427490234,0.002,0.5688574314117432,0.45101267099380493,0.01256305817514658
7,1203,8000,543.767517,16,1000,44.793819427490234,0.002,0.5688567757606506,0.45101043581962585,0.014357761479914188
8,1222,9000,604.446672,19,1000,44.793819427490234,0.002,0.568855881690979,0.4510078728199005,0.01615249551832676
9,1244,10000,666.901153,22,1000,44.793819427490234,0.002,0.568854570388794,0.4510049521923065,0.017947226762771606
10,1267,11000,728.268238,23,1000,44.793819427490234,0.002,0.5688529014587402,0.45100176334381104,0.019741881638765335
11,1292,12000,789.46744,25,1000,44.7938232421875,0.002,0.5688507556915283,0.45099830627441406,0.021536624059081078
12,1318,13000,850.244435,26,1000,44.793827056884766,0.002,0.5688483119010925,0.45099449157714844,0.023331258445978165
13,1345,14000,910.828648,27,1000,44.793827056884766,0.002,0.5688453912734985,0.4509902596473694,0.025125950574874878
14,1374,15000,971.740911,29,1000,44.793827056884766,0.002,0.5688417553901672,0.4509858787059784,0.026920603588223457
15,1403,16000,1032.644977,29,1000,44.7938346862793,0.002,0.5688380599021912,0.4509809911251068,0.028715262189507484
16,1434,17000,1093.859972,31,1000,44.7938346862793,0.002,0.568833589553833,0.4509759545326233,0.03050990030169487
17,1465,18000,1154.740473,31,1000,44.79384231567383,0.002,0.5688289999961853,0.45097053050994873,0.03230453282594681
18,1497,19000,1215.648242,32,1000,44.79384231567383,0.002,0.5688237547874451,0.4509647488594055,0.03409909829497337
19,1530,20000,1277.225566,33,1000,44.79384994506836,0.002,0.5688180327415466,0.4509587585926056,0.03589379042387009
20,1564,21000,1338.312648,34,1000,44.79384994506836,0.002,0.5688117146492004,0.45095229148864746,0.037688247859478
21,1598,22000,1399.301761,34,1000,44.793853759765625,0.002,0.5688051581382751,0.4509456157684326,0.039482809603214264
22,1633,23000,1460.078539,35,1000,44.79385757446289,0.002,0.5687981247901917,0.4509385824203491,0.04127735644578934
23,1668,24000,1521.215274,35,1000,44.793861389160156,0.002,0.5687906742095947,0.45093122124671936,0.0430719293653965
24,1705,25000,1582.131943,37,1000,44.79386520385742,0.002,0.5687823295593262,0.4509235918521881,0.04486631974577904
25,1742,26000,1643.241787,37,1000,44.79386901855469,0.002,0.5687738656997681,0.4509156048297882,0.046660784631967545
26,1779,27000,1704.253502,37,1000,44.79386901855469,0.002,0.5687651038169861,0.4509073495864868,0.048455145210027695
27,1817,28000,1765.317269,38,1000,44.79387664794922,0.002,0.5687556266784668,0.4508987069129944,0.05024958401918411
28,1856,29000,1826.364614,39,1000,44.79388427734375,0.002,0.5687456130981445,0.4508897662162781,0.05204391852021217
29,1895,30000,1887.702902,39,1000,44.79389190673828,0.002,0.5687353610992432,0.4508804678916931,0.05383826047182083
30,1935,31000,1949.014048,40,1000,44.79389190673828,0.002,0.5687246322631836,0.45087096095085144,0.05563249811530113
31,1976,32000,2010.15028,41,1000,44.79389572143555,0.002,0.5687130689620972,0.45086103677749634,0.057426854968070984
32,2017,33000,2071.264421,41,1000,44.79390335083008,0.002,0.5687013864517212,0.45085084438323975,0.05922110378742218
33,2058,34000,2132.660106,41,1000,44.79391098022461,0.002,0.5686895251274109,0.4508402645587921,0.06101527810096741
34,2100,35000,2193.998326,42,1000,44.79391860961914,0.002,0.5686768293380737,0.4508293569087982,0.06280935555696487
35,2143,36000,2255.342404,43,1000,44.793922424316406,0.002,0.568663477897644,0.4508183002471924,0.06460347771644592
36,2186,37000,2316.46556,43,1000,44.79393005371094,0.002,0.5686500072479248,0.45080673694610596,0.06639771163463593
37,2230,38000,2377.599964,44,1000,44.79393768310547,0.002,0.5686359405517578,0.45079493522644043,0.06819145381450653
38,2274,39000,2438.791906,44,1000,44.7939453125,0.002,0.5686215758323669,0.45078274607658386,0.06998554617166519
39,2319,40000,2499.745919,45,1000,44.793949127197266,0.002,0.5686066150665283,0.4507702887058258,0.07177950441837311
40,2364,41000,2561.244331,45,1000,44.7939567565918,0.002,0.5685914754867554,0.4507575035095215,0.07357342541217804
41,2410,42000,2622.709311,46,1000,44.7939567565918,0.002,0.5685755610466003,0.4507444500923157,0.07536713778972626
42,2457,43000,2688.027352,47,1000,44.793968200683594,0.002,0.5685589909553528,0.4507310092449188,0.07716100662946701
43,2504,44000,2751.372871,47,1000,44.79397964477539,0.002,0.5685423612594604,0.4507172107696533,0.07895471900701523
44,2551,45000,2814.634979,47,1000,44.79397964477539,0.002,0.5685256123542786,0.4507032036781311,0.08074841648340225
45,2599,46000,2879.023733,48,1000,44.79399108886719,0.002,0.5685078501701355,0.45068880915641785,0.08254201710224152
46,2648,47000,2942.861379,49,1000,44.79399490356445,0.002,0.5684895515441895,0.4506741166114807,0.08433561772108078
47,2697,48000,3006.980814,49,1000,44.794010162353516,0.002,0.5684710741043091,0.4506590664386749,0.08612919598817825
48,2747,49000,3069.597474,50,1000,44.79401779174805,0.002,0.5684518218040466,0.45064371824264526,0.08792255818843842
49,2797,50000,3133.329938,50,1000,44.79402542114258,0.002,0.568432629108429,0.4506281316280365,0.08971603214740753
50,2848,51000,3197.484518,51,1000,44.794029235839844,0.002,0.5684124231338501,0.4506121277809143,0.09150929749011993
51,2899,52000,3261.711462,51,1000,44.794036865234375,0.002,0.5683923363685608,0.4505958557128906,0.09330271184444427
52,2951,53000,3326.032627,52,1000,44.79404830932617,0.002,0.5683713555335999,0.4505791962146759,0.09509585797786713
53,3003,54000,3388.765271,52,1000,44.79405975341797,0.002,0.5683503150939941,0.4505622684955597,0.0968887209892273
54,3056,55000,3451.895179,53,1000,44.7940673828125,0.002,0.5683284401893616,0.4505450427532196,0.09868194162845612
55,3109,56000,3515.800208,53,1000,44.7940788269043,0.002,0.568306565284729,0.4505274295806885,0.10047506541013718
56,3163,57000,3581.012594,54,1000,44.79408645629883,0.002,0.5682837963104248,0.45050954818725586,0.1022680476307869
57,3217,58000,3646.258632,54,1000,44.79409408569336,0.002,0.5682609677314758,0.45049139857292175,0.10406085848808289
58,3272,59000,3714.497415,55,1000,44.794105529785156,0.002,0.5682373046875,0.45047274231910706,0.10585348308086395
59,3327,60000,3782.031908,55,1000,44.79411315917969,0.002,0.568213701248169,0.45045390725135803,0.10764627158641815
60,3383,61000,3850.464272,56,1000,44.794124603271484,0.002,0.5681890845298767,0.45043477416038513,0.10943902283906937
61,3439,62000,3914.803979,56,1000,44.79413604736328,0.002,0.568164587020874,0.4504152536392212,0.11123154312372208
62,3496,63000,3986.165841,57,1000,44.79414749145508,0.002,0.5681390762329102,0.450395405292511,0.11302410811185837
63,3553,64000,4055.586161,57,1000,44.79415512084961,0.002,0.5681136846542358,0.4503752589225769,0.11481644213199615
64,3611,65000,4124.919579,58,1000,44.79416275024414,0.002,0.5680872797966003,0.45035484433174133,0.11660892516374588
65,3669,66000,4197.236056,58,1000,44.7941780090332,0.002,0.5680609345436096,0.45033401250839233,0.11840114742517471
66,3728,67000,4264.417204,59,1000,44.794185638427734,0.002,0.5680336356163025,0.45031285285949707,0.12019328027963638
67,3788,68000,4327.216368,60,1000,44.79419708251953,0.002,0.5680058598518372,0.4502914249897003,0.1219853013753891
68,3848,69000,4394.899894,60,1000,44.79420852661133,0.002,0.5679782032966614,0.4502696692943573,0.12377743422985077
69,3908,70000,4462.20105,60,1000,44.794219970703125,0.002,0.5679501891136169,0.4502476453781128,0.12556926906108856
70,3969,71000,4530.178913,61,1000,44.79423141479492,0.002,0.5679211616516113,0.45022523403167725,0.12736104428768158
71,4030,72000,4598.763951,61,1000,44.794246673583984,0.002,0.5678923726081848,0.4502025246620178,0.1291527897119522
72,4092,73000,4668.968569,62,1000,44.79425811767578,0.002,0.5678624510765076,0.45017948746681213,0.13094447553157806
73,4155,74000,4738.661316,63,1000,44.79426574707031,0.002,0.5678320527076721,0.45015615224838257,0.13273584842681885
74,4218,75000,4807.229045,63,1000,44.79427719116211,0.002,0.567801833152771,0.45013245940208435,0.1345275491476059
75,4281,76000,4877.963047,63,1000,44.79429244995117,0.002,0.567771315574646,0.45010852813720703,0.13631877303123474
76,4345,77000,4946.499794,64,1000,44.79430389404297,0.002,0.567739725112915,0.4500841200351715,0.13811016082763672
77,4410,78000,5010.817874,65,1000,44.794315338134766,0.002,0.5677075386047363,0.4500595033168793,0.1399010866880417
78,4475,79000,5073.571708,65,1000,44.79432678222656,0.002,0.5676757097244263,0.45003458857536316,0.14169225096702576
79,4541,80000,5137.123188,66,1000,44.79433822631836,0.002,0.5676427483558655,0.4500092566013336,0.14348317682743073
80,4607,81000,5199.666932,66,1000,44.79435348510742,0.002,0.5676100850105286,0.4499835968017578,0.14527413249015808
81,4674,82000,5266.278041,67,1000,44.794368743896484,0.002,0.5675762295722961,0.4499576687812805,0.14706474542617798
82,4741,83000,5336.050047,67,1000,44.79438018798828,0.002,0.5675426721572876,0.44993144273757935,0.14885565638542175
83,4808,84000,5418.789809,67,1000,44.794395446777344,0.002,0.5675088167190552,0.4499048590660095,0.15064577758312225
84,4876,85000,5491.281534,68,1000,44.79440689086914,0.002,0.5674737691879272,0.44987794756889343,0.15243622660636902
85,4945,86000,5564.551035,69,1000,44.79441833496094,0.002,0.5674383044242859,0.4498507082462311,0.1542268544435501
86,5014,87000,5638.061569,69,1000,44.79443359375,0.002,0.5674031376838684,0.44982320070266724,0.1560169756412506
87,5084,88000,5716.037969,70,1000,44.79444885253906,0.002,0.5673667192459106,0.44979530572891235,0.1578071266412735
88,5154,89000,5795.513537,70,1000,44.79446029663086,0.002,0.5673307776451111,0.4497671127319336,0.15959687530994415
89,5225,90000,5873.005252,71,1000,44.79446792602539,0.002,0.5672934651374817,0.44973859190940857,0.16138672828674316
90,5296,91000,5950.629262,71,1000,44.79448318481445,0.002,0.5672566294670105,0.44970977306365967,0.1631765216588974
91,5368,92000,6021.878123,72,1000,44.79450607299805,0.002,0.567218542098999,0.4496805965900421,0.16496635973453522
92,5440,93000,6098.945009,72,1000,44.79451370239258,0.002,0.5671809911727905,0.4496510922908783,0.16675566136837006
93,5513,94000,6175.688574,73,1000,44.79452896118164,0.002,0.5671420693397522,0.449621319770813,0.16854514181613922
94,5586,94414,6208.678356,73,414,44.7945442199707,0.002,0.5671036243438721,0.4495912194252014,0.16978122293949127
