k,cum_lower_iters,cum_ad_iters,cum_runtime,lower_iters,ad_iters,L,mu,upper_obj,lower_obj,norm_upper_grad
0,52561,100,1631.030024,52561,100,44.79380798339844,0.002,0.5688663125038147,0.45101937651634216,0.002384267980232835
1,52562,200,1637.59313,1,100,44.7938117980957,0.002,0.5688663721084595,0.45101895928382874,0.004768535494804382
2,52563,300,1643.973218,1,100,44.79381561279297,0.002,0.5688662528991699,0.45101818442344666,0.007152792066335678
3,52564,400,1650.322918,1,100,44.793819427490234,0.002,0.5688662528991699,0.4510171115398407,0.009537066332995892
4,52574,500,1656.983617,10,100,44.793819427490234,0.002,0.5688661336898804,0.45101553201675415,0.011921320110559464
5,52591,600,1663.565223,17,100,44.7938232421875,0.002,0.5688657760620117,0.4510136842727661,0.014305571094155312
6,52618,700,1670.490022,27,100,44.79383087158203,0.002,0.5688650608062744,0.4510113596916199,0.016689809039235115
7,52654,800,1677.836442,36,100,44.79383850097656,0.002,0.5688638687133789,0.45100870728492737,0.019074097275733948
8,52698,900,1685.642736,44,100,44.79384231567383,0.002,0.5688623785972595,0.45100563764572144,0.021458309143781662
9,52751,1000,1693.969612,53,100,44.793853759765625,0.002,0.5688603520393372,0.451002299785614,0.023842554539442062
10,52811,1100,1702.802062,60,100,44.79385757446289,0.002,0.5688576698303223,0.4509984850883484,0.026226742193102837
11,52878,1200,1711.986677,67,100,44.79386901855469,0.002,0.568854570388794,0.45099425315856934,0.028610959649086
12,52950,1300,1721.149552,72,100,44.793880462646484,0.002,0.5688509345054626,0.450989693403244,0.030995143577456474
13,53028,1400,1730.014899,78,100,44.79389190673828,0.002,0.5688466429710388,0.45098474621772766,0.03337925672531128
14,53111,1500,1738.638218,83,100,44.79390335083008,0.002,0.5688416957855225,0.45097941160202026,0.035763420164585114
15,53200,1600,1747.194475,89,100,44.79391860961914,0.002,0.5688361525535583,0.450973778963089,0.03814757987856865
16,53294,1700,1755.902899,94,100,44.79393005371094,0.002,0.5688300728797913,0.4509676694869995,0.040531642735004425
17,53393,1800,1765.028762,99,100,44.793949127197266,0.002,0.5688233971595764,0.4509612023830414,0.04291568696498871
18,53497,1900,1774.183354,104,100,44.793968200683594,0.002,0.5688160061836243,0.4509543776512146,0.04529973119497299
19,53606,2000,1783.377133,109,100,44.79397964477539,0.002,0.5688080787658691,0.45094719529151917,0.0476837083697319
20,53720,2100,1792.777776,114,100,44.79399871826172,0.002,0.5687994360923767,0.4509395658969879,0.05006762966513634
21,53839,2200,1802.576357,119,100,44.79402160644531,0.002,0.5687901377677917,0.4509316086769104,0.052451543509960175
22,53963,2300,1812.754421,124,100,44.794036865234375,0.002,0.5687803030014038,0.45092326402664185,0.054835349321365356
23,54092,2400,1823.47831,129,100,44.79405975341797,0.002,0.5687697529792786,0.4509144723415375,0.05721927061676979
24,54225,2500,1834.533297,133,100,44.7940788269043,0.002,0.568758487701416,0.4509054124355316,0.05960307642817497
25,54364,2600,1845.522566,139,100,44.794097900390625,0.002,0.5687465667724609,0.45089587569236755,0.06198679655790329
26,54507,2700,1855.985012,143,100,44.79412841796875,0.002,0.5687340497970581,0.45088595151901245,0.06437042355537415
27,54655,2800,1866.350927,148,100,44.794151306152344,0.002,0.5687209367752075,0.45087578892707825,0.0667540654540062
28,54808,2900,1876.894014,153,100,44.79417419433594,0.002,0.5687072277069092,0.4508651793003082,0.06913767009973526
29,54966,3000,1887.772487,158,100,44.7942008972168,0.002,0.5686928033828735,0.4508541226387024,0.07152114808559418
30,55129,3100,1898.944922,163,100,44.79422378540039,0.002,0.5686777234077454,0.4508426785469055,0.0739046111702919
31,55297,3200,1910.499702,168,100,44.794254302978516,0.002,0.5686619877815247,0.4508309066295624,0.07628810405731201
32,55470,3300,1922.015434,173,100,44.79428482055664,0.002,0.568645715713501,0.45081883668899536,0.07867132127285004
33,55648,3400,1933.801967,178,100,44.7943115234375,0.002,0.56862872838974,0.45080631971359253,0.08105459809303284
34,55831,3500,1946.470046,183,100,44.794342041015625,0.002,0.5686109662055969,0.4507933259010315,0.08343777060508728
35,56018,3600,1959.416969,187,100,44.79437255859375,0.002,0.5685927271842957,0.4507800340652466,0.08582102507352829
36,56211,3700,1971.702271,193,100,44.79440689086914,0.002,0.5685737133026123,0.45076632499694824,0.08820401877164841
37,56409,3800,1983.581504,198,100,44.79444122314453,0.002,0.568554162979126,0.450752317905426,0.09058709442615509
38,56611,3900,1995.710698,202,100,44.79447555541992,0.002,0.5685340166091919,0.4507378339767456,0.09296993166208267
39,56819,4000,2008.31834,208,100,44.79450988769531,0.002,0.5685130953788757,0.4507230818271637,0.0953526422381401
40,57032,4100,2021.16772,213,100,44.79454040527344,0.002,0.5684915781021118,0.45070788264274597,0.09773542732000351
41,57251,4200,2033.913312,219,100,44.794578552246094,0.002,0.5684694051742554,0.45069238543510437,0.10011801868677139
42,57474,4300,2046.596394,223,100,44.79461669921875,0.002,0.5684466361999512,0.4506763815879822,0.1025005653500557
43,57703,4400,2059.446404,229,100,44.794654846191406,0.002,0.5684232115745544,0.45066002011299133,0.10488302260637283
44,57936,4500,2072.951664,233,100,44.79469299316406,0.002,0.56839919090271,0.45064324140548706,0.10726553946733475
45,58175,4600,2087.026189,239,100,44.794734954833984,0.002,0.5683743953704834,0.4506262242794037,0.10964767634868622
46,58419,4700,2101.610822,244,100,44.794769287109375,0.002,0.5683491230010986,0.4506087005138397,0.11203008145093918
47,58669,4800,2115.472289,250,100,44.79481887817383,0.002,0.5683231353759766,0.4505908489227295,0.11441200971603394
48,58924,4900,2129.075955,255,100,44.79486083984375,0.002,0.5682966113090515,0.45057258009910583,0.11679408699274063
49,59184,5000,2142.785662,260,100,44.794898986816406,0.002,0.5682693719863892,0.4505539834499359,0.1191757544875145
50,59450,5100,2157.109649,266,100,44.79494094848633,0.002,0.5682414770126343,0.45053496956825256,0.12155777961015701
51,59721,5200,2171.922059,271,100,44.79499435424805,0.002,0.5682131052017212,0.45051559805870056,0.12393949925899506
52,59998,5300,2186.579486,277,100,44.79503631591797,0.002,0.568183958530426,0.45049574971199036,0.1263209879398346
53,60280,5400,2201.735343,282,100,44.795082092285156,0.002,0.5681542754173279,0.45047563314437866,0.1287023276090622
54,60568,5500,2217.751794,288,100,44.79513168334961,0.002,0.5681239366531372,0.45045506954193115,0.131083682179451
55,60862,5600,2233.456369,294,100,44.79518127441406,0.002,0.568092942237854,0.4504340887069702,0.13346479833126068
56,61162,5700,2248.576693,300,100,44.79522705078125,0.002,0.568061351776123,0.4504128098487854,0.13584601879119873
57,61468,5800,2263.668039,306,100,44.79528045654297,0.002,0.5680291652679443,0.45039114356040955,0.1382267326116562
58,61780,5900,2279.383315,312,100,44.79533004760742,0.002,0.5679964423179626,0.45036908984184265,0.14060764014720917
59,62098,6000,2295.771586,318,100,44.795379638671875,0.002,0.5679630041122437,0.4503466784954071,0.14298829436302185
60,62422,6100,2312.093949,324,100,44.795433044433594,0.002,0.5679290294647217,0.45032379031181335,0.14536891877651215
61,62752,6200,2328.026379,330,100,44.79548645019531,0.002,0.567894458770752,0.45030051469802856,0.14774934947490692
62,63088,6300,2344.52422,336,100,44.7955436706543,0.002,0.5678593516349792,0.4502769708633423,0.15012960135936737
63,63430,6400,2361.406363,342,100,44.795597076416016,0.002,0.567823588848114,0.4502529799938202,0.152509868144989
64,63779,6500,2378.5155,349,100,44.795650482177734,0.002,0.5677871108055115,0.4502286911010742,0.154889777302742
65,64134,6600,2396.499135,355,100,44.795711517333984,0.002,0.5677501559257507,0.45020389556884766,0.1572694480419159
66,64495,6700,2413.304385,361,100,44.79576873779297,0.002,0.567712664604187,0.45017874240875244,0.15964941680431366
67,64862,6800,2431.809835,367,100,44.79582595825195,0.002,0.5676745176315308,0.4501532316207886,0.16202899813652039
68,65236,6900,2450.175659,374,100,44.7958869934082,0.002,0.567635715007782,0.45012736320495605,0.1644083708524704
69,65616,7000,2469.074829,380,100,44.79594421386719,0.002,0.5675963163375854,0.4501010477542877,0.16678734123706818
70,66002,7100,2486.842423,386,100,44.79601287841797,0.002,0.5675565004348755,0.4500744640827179,0.1691669374704361
71,66395,7200,2504.542656,393,100,44.79606628417969,0.002,0.5675159692764282,0.45004740357398987,0.1715455949306488
72,66794,7300,2522.554043,399,100,44.7961311340332,0.002,0.5674749612808228,0.4500199556350708,0.17392446100711823
73,67200,7400,2541.454185,406,100,44.79619598388672,0.002,0.56743323802948,0.4499921202659607,0.17630305886268616
74,67612,7500,2560.458602,412,100,44.796260833740234,0.002,0.5673909783363342,0.4499640166759491,0.17868150770664215
75,68031,7600,2579.498702,419,100,44.79632568359375,0.002,0.5673481822013855,0.4499354064464569,0.1810595840215683
76,68457,7700,2598.973047,426,100,44.79639434814453,0.002,0.567304790019989,0.4499064087867737,0.18343792855739594
77,68889,7800,2619.837811,432,100,44.79645919799805,0.002,0.5672607421875,0.4498770833015442,0.1858159303665161
78,69327,7900,2639.704638,438,100,44.79652786254883,0.002,0.5672163367271423,0.4498473107814789,0.18819372355937958
79,69772,8000,2658.975959,445,100,44.79659652709961,0.002,0.5671712160110474,0.4498172104358673,0.19057060778141022
80,70223,8100,2679.18182,451,100,44.79666519165039,0.002,0.5671256184577942,0.4497867226600647,0.19294847548007965
81,70681,8200,2699.913994,458,100,44.79673767089844,0.002,0.5670793652534485,0.44975581765174866,0.1953258365392685
82,71145,8300,2719.648937,464,100,44.79680633544922,0.002,0.5670326948165894,0.44972455501556396,0.19770261645317078
83,71615,8400,2739.962305,470,100,44.796878814697266,0.002,0.5669853091239929,0.4496929347515106,0.2000797688961029
84,72092,8500,2761.535625,477,100,44.79694747924805,0.002,0.5669373869895935,0.4496608376502991,0.2024560123682022
85,72575,8600,2782.286719,483,100,44.797019958496094,0.002,0.5668889880180359,0.44962847232818604,0.2048327773809433
86,73064,8700,2803.232031,489,100,44.797096252441406,0.002,0.5668399333953857,0.44959568977355957,0.20720897614955902
87,73560,8800,2825.398623,496,100,44.79716873168945,0.002,0.5667903423309326,0.4495624601840973,0.20958508551120758
88,74061,8900,2846.658404,501,100,44.79724884033203,0.002,0.5667402148246765,0.4495288133621216,0.21196116507053375
89,74569,9000,2868.395768,508,100,44.797325134277344,0.002,0.5666895508766174,0.4494948387145996,0.21433623135089874
90,75083,9100,2891.057271,514,100,44.79739761352539,0.002,0.5666383504867554,0.44946053624153137,0.2167118489742279
91,75603,9200,2912.988902,520,100,44.79747772216797,0.002,0.5665864944458008,0.4494258463382721,0.2190871685743332
92,76129,9300,2935.502021,526,100,44.79755783081055,0.002,0.5665342211723328,0.4493906795978546,0.2214626520872116
93,76661,9400,2959.376541,532,100,44.797637939453125,0.002,0.566481351852417,0.44935524463653564,0.2238372415304184
94,77199,9500,2981.818274,538,100,44.7977180480957,0.002,0.5664278864860535,0.4493192732334137,0.22621183097362518
95,77744,9600,3004.31957,545,100,44.79779815673828,0.002,0.566373884677887,0.44928303360939026,0.22858601808547974
96,78294,9700,3028.033404,550,100,44.797882080078125,0.002,0.5663194060325623,0.449246346950531,0.23096011579036713
97,78850,9800,3054.163321,556,100,44.79796600341797,0.002,0.5662643313407898,0.4492093324661255,0.23333409428596497
98,79412,9900,3078.4189,562,100,44.79804992675781,0.002,0.5662086606025696,0.44917187094688416,0.2357075959444046
99,79980,10000,3101.572012,568,100,44.798133850097656,0.002,0.5661524534225464,0.44913405179977417,0.2380809485912323
100,80554,10100,3126.07701,574,100,44.7982177734375,0.002,0.5660956501960754,0.44909587502479553,0.2404545694589615
101,81134,10200,3149.759063,580,100,44.798301696777344,0.002,0.5660383105278015,0.4490572512149811,0.24282728135585785
102,81719,10300,3173.983608,585,100,44.79838943481445,0.002,0.5659804940223694,0.449018269777298,0.24520020186901093
103,82310,10400,3197.799446,591,100,44.79847717285156,0.002,0.5659220814704895,0.44897890090942383,0.24757294356822968
104,82907,10500,3222.317486,597,100,44.79856491088867,0.002,0.5658630132675171,0.44893908500671387,0.2499447911977768
105,83509,10600,3247.764045,602,100,44.79865646362305,0.002,0.565803587436676,0.44889888167381287,0.2523171007633209
106,84117,10700,3273.302336,608,100,44.798744201660156,0.002,0.5657435655593872,0.4488584101200104,0.25468915700912476
107,84731,10800,3297.932084,614,100,44.798831939697266,0.002,0.5656827688217163,0.4488174617290497,0.257060170173645
108,85350,10900,3322.629244,619,100,44.79892349243164,0.002,0.5656216144561768,0.4487760663032532,0.2594316005706787
109,85975,11000,3348.107057,625,100,44.799015045166016,0.002,0.5655598640441895,0.44873443245887756,0.2618030905723572
110,86605,11100,3375.140219,630,100,44.79910659790039,0.002,0.565497636795044,0.44869232177734375,0.264173299074173
111,87241,11200,3400.403417,636,100,44.7992057800293,0.002,0.5654348134994507,0.44864988327026367,0.26654359698295593
112,87882,11300,3426.249161,641,100,44.79929733276367,0.002,0.5653713941574097,0.44860702753067017,0.26891422271728516
113,88529,11400,3454.174511,647,100,44.79938888549805,0.002,0.5653074383735657,0.44856375455856323,0.2712840139865875
114,88600,11400,3456.448915,71,0,44.79948806762695,0.002,0.565295398235321,0.44852009415626526,0.2712840139865875
